4 3 point
0.5643564356435643
2258 7 2 10 1 2 9 20 14 42 27 43 61 55 69 98 61 17
13 12 0 0 0 0 0 0 0 0 0 0 0 2 0 0 0 0
28 0 27 15 0 0 0 1 1 3 1 1 1 0 0 0 0 0
1 0 2 234 6 0 0 0 3 0 0 0 0 0 0 0 0 0
9 0 0 7 53 9 1 1 1 0 0 0 0 0 0 0 0 0
26 0 0 0 17 97 42 11 1 0 0 1 0 3 0 0 0 0
37 0 0 4 6 35 323 16 19 17 6 2 1 5 0 0 0 0
74 0 0 4 3 20 35 363 17 36 18 6 6 7 2 1 0 0
74 0 0 6 6 7 23 34 348 76 40 30 14 18 2 2 1 2
84 0 2 2 0 1 12 36 54 998 141 58 19 6 13 6 0 1
114 0 0 4 0 2 16 10 56 164 1038 154 76 38 15 22 3 0
122 2 0 0 0 2 2 21 34 99 199 1064 252 87 45 42 11 3
168 0 0 5 0 1 9 5 31 45 118 249 1581 402 156 62 13 9
178 1 0 0 0 2 7 3 15 30 58 99 468 2046 500 157 31 2
157 0 0 0 0 8 6 0 2 1 53 56 202 480 2491 645 73 20
104 0 0 0 0 1 0 1 0 6 17 32 51 142 536 3072 542 49
73 0 0 0 0 0 0 0 0 0 1 2 5 23 49 535 1308 170
24 0 0 0 0 0 0 0 0 0 0 1 0 0 11 14 159 181
0.6235386370116909 3474159 49655099 79448.1584

4 0 point
0.5742574257425742
2260 7 2 10 1 2 8 20 12 39 28 44 61 55 68 102 62 15
13 12 0 0 0 0 0 0 0 0 0 0 0 2 0 0 0 0
28 0 27 15 0 0 0 1 1 3 1 1 1 0 0 0 0 0
6 0 2 234 1 0 0 0 3 0 0 0 0 0 0 0 0 0
13 0 0 8 47 9 1 2 1 0 0 0 0 0 0 0 0 0
35 0 0 0 13 106 29 10 1 0 0 0 1 3 0 0 0 0
40 0 0 4 6 36 315 16 16 24 6 2 1 5 0 0 0 0
74 0 0 4 3 19 32 347 16 39 31 6 7 7 5 2 0 0
74 0 0 6 6 7 24 33 338 76 45 34 15 18 2 2 1 2
88 0 2 2 0 2 12 33 53 967 158 67 22 6 12 8 0 1
118 0 0 4 0 1 16 9 49 158 1029 157 78 50 18 22 3 0
124 2 0 0 0 2 2 10 28 102 189 1053 260 105 51 43 11 3
168 0 0 5 0 1 9 5 20 45 117 222 1568 430 177 65 13 9
176 1 0 0 0 2 7 0 11 25 64 96 429 2034 546 172 32 2
157 0 0 0 0 6 4 0 2 1 54 60 176 458 2481 717 58 20
105 0 0 0 0 1 0 1 0 7 15 26 52 134 512 3325 364 11
76 0 0 0 0 0 0 0 0 0 2 1 3 24 42 550 1354 114
24 0 0 0 0 0 0 0 0 0 0 1 0 0 11 15 160 179
0.6300256629597947

4 0 0
0.5742574257425742
1107 2 4 0 7 14 21 32 43 85 79 73 169 228 320 398 184 30
5 9 0 8 0 0 0 0 0 0 0 3 0 2 0 0 0 0
25 0 45 0 0 0 0 0 1 4 1 0 1 1 0 0 0 0
18 0 2 196 0 0 5 0 2 5 0 5 0 10 3 0 0 0
2 0 0 18 30 12 12 2 2 3 0 0 0 0 0 0 0 0
11 0 0 1 0 94 52 13 5 5 0 2 6 4 5 0 0 0
25 0 0 2 3 14 344 21 11 24 11 1 9 3 1 1 1 0
41 0 0 1 4 10 31 358 16 70 25 10 10 9 4 3 0 0
39 0 0 5 3 4 5 25 312 101 63 35 43 31 6 9 2 0
83 0 0 0 0 0 6 22 40 877 202 78 45 46 19 15 0 0
82 0 0 0 0 0 12 3 14 95 1028 193 121 80 53 28 3 0
65 0 0 0 0 0 12 0 14 36 146 1107 305 145 108 40 5 2
71 0 0 0 0 0 3 2 2 17 47 127 1816 425 221 105 16 2
42 0 0 0 0 0 1 0 5 14 19 66 269 2356 585 218 22 0
43 0 0 0 0 0 0 0 0 3 5 21 92 388 2883 698 51 10
13 0 0 0 0 0 0 0 0 3 0 13 23 100 441 3713 239 8
20 0 0 0 0 0 0 0 0 0 0 0 3 11 39 524 1551 18
7 0 0 0 0 0 0 0 0 0 0 0 0 1 5 13 133 231
0.6436056458511549 3336039

4 1.75 0
0.5148514851485149
1076 18 43 32 26 38 68 91 166 130 142 141 131 112 98 76 277 131
1 22 0 4 0 0 0 0 0 0 0 0 0 0 0 0 0 0
0 0 68 10 0 0 0 0 0 0 0 0 0 0 0 0 0 0
3 29 71 112 18 0 1 0 2 3 0 5 0 2 0 0 0 0
0 1 0 3 65 10 2 0 0 0 0 0 0 0 0 0 0 0
0 1 2 0 13 135 40 5 2 0 0 0 0 0 0 0 0 0
7 4 13 8 39 106 250 27 12 1 2 1 0 0 1 0 0 0
14 4 7 2 10 42 79 342 42 34 4 5 1 2 2 2 0 0
3 3 36 5 11 10 17 57 425 48 33 12 11 7 1 0 3 1
23 17 71 28 6 33 49 133 164 657 147 67 15 9 5 3 4 2
34 11 51 36 13 10 49 72 136 157 899 153 54 16 7 8 4 2
26 12 41 32 24 6 54 69 119 86 203 995 177 54 38 21 12 16
53 5 47 61 7 17 80 59 78 64 255 386 1243 282 83 56 52 26
131 11 27 85 6 43 42 37 53 72 143 253 556 1600 334 102 84 18
239 3 18 34 5 33 37 42 43 31 68 188 233 474 1978 453 225 90
188 3 0 31 3 6 17 22 33 28 30 61 100 117 401 2168 1168 177
38 0 0 0 2 0 1 0 0 0 0 0 3 2 19 88 1654 359
1 0 0 0 0 0 0 0 0 0 0 0 0 0 1 0 11 377
0.5013544339891646 3304339

4 6 point
0.5445544554455446
2259 7 2 5 6 2 9 20 14 43 28 42 60 54 69 98 61 17
13 12 0 0 0 0 0 0 0 0 0 0 0 2 0 0 0 0
28 0 27 15 0 0 0 1 1 3 1 1 1 0 0 0 0 0
1 0 17 218 7 0 0 0 3 0 0 0 0 0 0 0 0 0
5 0 0 7 53 14 0 1 1 0 0 0 0 0 0 0 0 0
25 0 0 0 17 90 51 11 1 0 0 0 0 3 0 0 0 0
34 0 0 4 6 66 293 21 24 11 6 0 1 5 0 0 0 0
71 0 0 4 3 12 35 367 21 36 24 5 5 7 1 1 0 0
69 0 0 6 6 8 24 37 364 67 40 28 11 16 2 2 1 2
83 0 2 2 0 1 14 39 58 1001 137 55 19 5 12 4 0 1
108 0 0 4 0 3 16 11 66 172 1039 148 73 33 14 22 3 0
116 2 0 0 0 0 2 21 35 113 202 1070 252 80 37 41 11 3
161 0 0 5 0 1 9 9 31 44 131 291 1564 394 134 58 13 9
170 1 0 0 0 0 7 8 15 28 56 134 462 2067 454 162 31 2
154 0 0 0 0 2 6 0 2 2 54 74 203 499 2519 578 81 20
101 0 0 0 0 2 1 0 3 6 18 35 57 154 531 2956 640 49
72 0 0 0 0 0 0 0 0 0 2 2 5 23 48 529 1316 169
24 0 0 0 0 0 0 0 0 0 0 1 0 0 11 15 158 181
0.6200456230396351 3588687

1 0 point
0.48474479612204163
2 0 point
 0.5003207869974337
3 0 point
0.5680424864556601

5 3 point
0.6336633663366337
2298 7 2 9 1 2 12 17 11 36 29 47 47 47 65 88 51 27
8 15 0 0 0 0 0 0 0 0 0 0 2 2 0 0 0 0
23 0 32 15 0 0 0 1 2 3 1 1 0 0 0 0 0 0
2 0 0 235 6 0 0 0 3 0 0 0 0 0 0 0 0 0
5 0 0 7 52 15 1 0 1 0 0 0 0 0 0 0 0 0
27 0 0 0 17 93 50 9 1 0 0 0 0 1 0 0 0 0
43 0 0 2 4 40 332 18 12 13 4 0 0 3 0 0 0 0
71 0 0 2 3 10 42 373 17 41 17 7 5 2 1 1 0 0
70 0 0 5 6 5 20 29 366 82 45 30 6 12 2 2 1 2
88 0 2 3 0 1 8 29 48 1036 138 46 15 4 11 3 0 1
122 0 0 3 0 2 15 8 35 150 1102 128 75 37 14 20 1 0
122 0 0 0 0 2 1 15 18 72 172 1120 264 109 47 31 10 2
155 0 0 0 0 1 5 7 13 35 93 246 1693 406 132 47 13 8
149 1 0 0 0 2 2 1 10 17 59 96 426 2205 476 131 21 1
161 0 0 0 0 8 2 0 0 0 37 45 151 421 2747 535 67 20
108 0 0 0 0 1 0 1 0 6 12 24 36 88 511 3291 453 22
64 0 0 0 0 0 0 0 0 0 0 0 3 10 36 523 1395 135
16 0 0 0 0 0 0 0 0 0 0 0 0 0 6 7 146 215
0.6629597946963216 3253741

5 0 point
0.6534653465346535
2303 7 2 9 1 2 10 17 10 32 30 46 48 49 66 92 51 21
8 15 0 0 0 0 0 0 0 0 0 0 2 2 0 0 0 0
23 0 32 15 0 0 0 1 2 3 1 1 0 0 0 0 0 0
7 0 0 235 1 0 0 0 3 0 0 0 0 0 0 0 0 0
10 0 0 6 46 15 1 2 1 0 0 0 0 0 0 0 0 0
30 0 0 0 17 101 38 8 1 0 0 0 2 1 0 0 0 0
46 0 0 2 4 27 334 18 15 17 5 0 0 3 0 0 0 0
73 0 0 2 2 9 38 368 15 46 18 7 5 2 5 2 0 0
72 0 0 5 6 5 15 29 344 94 47 35 11 12 2 3 1 2
93 0 2 3 0 1 8 26 43 1018 142 59 18 6 11 2 0 1
124 0 0 3 0 1 14 7 30 145 1091 133 79 45 19 20 1 0
125 0 0 0 0 2 0 7 11 74 153 1116 276 125 52 32 10 2
155 0 0 0 0 1 5 3 6 33 92 221 1683 430 153 53 11 8
149 1 0 0 0 2 2 0 9 12 61 85 404 2178 529 147 17 1
157 0 0 0 0 6 1 0 2 0 37 47 141 392 2736 608 51 16
110 0 0 0 0 1 0 1 0 7 9 20 39 93 499 3447 316 11
65 0 0 0 0 0 0 0 0 0 1 0 3 12 28 566 1416 75
19 0 0 0 0 0 0 0 0 0 0 0 0 0 6 7 152 206
0.6654191616766467  3666839

6 3 point
0.6435643564356436
2306 6 2 9 2 2 7 11 15 40 32 51 43 53 62 79 49 27
6 16 0 0 0 0 0 0 0 0 0 0 2 3 0 0 0 0
22 0 33 16 0 0 0 1 2 2 1 1 0 0 0 0 0 0
2 0 0 238 4 0 0 1 1 0 0 0 0 0 0 0 0 0
4 0 0 7 52 15 1 1 1 0 0 0 0 0 0 0 0 0
26 0 0 0 17 88 53 10 1 0 0 0 1 2 0 0 0 0
48 0 0 1 4 50 325 15 10 11 2 0 2 3 0 0 0 0
71 0 0 2 2 9 33 403 18 32 12 3 4 1 1 1 0 0
70 0 0 2 6 7 11 21 385 98 41 20 4 13 1 3 0 1
93 0 1 0 0 1 5 22 49 1069 133 38 10 4 6 1 0 1
116 0 0 4 0 2 13 8 29 158 1118 126 72 36 13 16 1 0
136 0 0 0 0 2 3 4 9 59 173 1156 258 109 45 26 5 0
156 0 0 0 0 1 3 8 2 27 78 206 1780 391 143 43 13 3
149 1 0 0 0 0 0 0 3 20 51 77 402 2276 454 137 24 3
146 0 0 0 0 0 0 0 0 2 26 36 128 380 2902 490 63 21
107 0 0 0 0 1 0 0 0 6 11 21 30 78 485 3447 348 19
39 0 0 0 0 0 0 0 0 0 0 0 3 6 31 510 1458 119
10 0 0 0 0 0 0 0 0 0 0 0 0 0 5 5 138 232
0.6873396065012831 3289771

6 0 point
0.6534653465346535
2313 6 2 9 2 2 5 10 11 39 31 52 45 58 63 83 44 21
6 15 0 1 0 0 0 0 0 0 0 0 2 3 0 0 0 0
22 0 33 16 0 0 0 1 2 2 1 1 0 0 0 0 0 0
5 0 0 238 1 0 0 1 1 0 0 0 0 0 0 0 0 0
10 0 0 9 43 15 1 2 1 0 0 0 0 0 0 0 0 0
27 0 0 0 13 96 47 9 1 0 0 0 2 2 0 1 0 0
49 0 0 1 4 28 330 14 12 19 2 0 8 4 0 0 0 0
74 0 0 2 2 7 30 392 16 40 14 5 5 1 2 2 0 0
74 0 0 2 6 6 11 20 355 102 54 30 4 13 1 4 0 1
95 0 1 0 0 0 5 19 45 1054 141 43 17 5 6 1 0 1
120 0 0 4 0 1 12 6 23 151 1117 129 77 39 16 16 1 0
137 0 0 0 0 2 0 3 6 57 154 1143 274 123 54 28 4 0
153 0 0 0 0 1 3 7 2 24 73 188 1771 415 156 51 7 3
146 1 0 0 0 0 0 0 3 15 52 66 379 2260 504 151 20 0
140 0 0 0 0 0 0 0 0 2 25 33 114 356 2917 545 49 13
101 0 0 0 0 1 0 0 0 5 8 18 32 79 459 3569 272 9
42 0 0 0 0 0 0 0 0 0 1 0 2 8 27 534 1516 36
11 0 0 0 0 0 0 0 0 0 0 0 0 0 5 5 144 225
0.6910108354719133

7 3 point
0.6435643564356436
2311 4 5 8 2 6 11 9 20 47 33 43 43 52 49 65 54 34
7 17 0 0 0 0 0 0 0 0 0 0 1 2 0 0 0 0
17 0 35 18 0 0 0 1 3 2 1 1 0 0 0 0 0 0
2 0 0 229 11 0 0 1 1 0 0 1 0 1 0 0 0 0
4 0 0 7 50 15 3 1 1 0 0 0 0 0 0 0 0 0
21 0 0 1 19 80 61 10 1 0 0 0 1 1 3 0 0 0
41 0 0 1 4 45 327 16 18 15 3 0 1 0 0 0 0 0
54 0 0 0 4 8 24 431 21 39 4 2 4 0 1 0 0 0
55 0 0 1 6 5 9 23 423 97 28 22 2 9 0 3 0 0
81 0 0 0 0 0 7 21 61 1093 125 28 8 4 4 0 0 1
123 0 0 4 0 1 12 4 32 158 1134 123 75 29 10 7 0 0
141 0 0 0 0 0 2 1 16 52 154 1175 281 97 40 20 4 2
148 0 0 0 0 1 3 8 7 32 67 199 1781 413 147 36 10 2
135 0 0 0 0 0 0 0 2 16 52 73 354 2365 445 131 20 4
113 0 0 0 0 0 0 0 0 0 19 29 96 351 2997 505 62 22
69 0 0 0 0 1 0 0 0 6 9 20 25 75 473 3543 310 22
26 0 0 0 0 0 0 0 0 0 0 1 2 4 27 499 1528 79
7 0 0 0 0 0 0 0 0 0 0 0 0 0 3 2 126 252
0.704697747362418 3267194

7 0 point
0.6732673267326733
2336 3 6 8 2 5 8 9 15 38 34 38 44 58 50 79 44 19
9 13 0 2 0 0 0 0 0 0 0 0 1 2 0 0 0 0
17 0 35 18 0 0 0 1 2 3 1 1 0 0 0 0 0 0
2 0 0 239 1 0 0 1 1 0 0 1 0 1 0 0 0 0
8 0 0 9 38 15 4 2 3 0 0 0 0 2 0 0 0 0
23 0 0 0 13 82 61 10 2 0 0 0 2 2 3 0 0 0
44 0 0 1 4 27 326 15 17 23 4 0 6 0 4 0 0 0
61 0 0 0 3 7 21 417 18 43 9 2 5 3 1 2 0 0
71 0 0 1 6 2 10 22 377 116 35 25 2 12 0 4 0 0
91 0 0 0 0 0 5 21 53 1070 134 36 13 6 3 0 0 1
125 0 0 4 0 1 11 4 26 153 1130 128 79 31 12 8 0 0
148 0 0 0 0 0 0 3 10 50 137 1155 310 104 42 21 4 1
143 0 0 0 0 1 3 7 3 28 57 185 1785 425 162 47 6 2
130 0 0 0 0 0 0 0 2 13 48 59 333 2366 479 149 18 0
110 0 0 0 0 0 0 0 0 0 16 31 90 329 3025 541 41 11
66 0 0 0 0 1 0 0 0 6 5 19 25 74 442 3677 233 5
29 0 0 0 0 0 0 0 0 0 0 1 2 7 29 538 1543 17
12 0 0 0 0 0 0 0 0 0 0 0 0 0 3 5 138 232
0.7073709723410322

8 3 point
0.6534653465346535
2315 3 6 10 2 7 13 14 20 41 30 43 46 44 47 67 45 43
7 16 0 2 0 0 0 0 0 0 0 0 1 1 0 0 0 0
4 0 42 15 0 0 4 1 1 6 4 1 0 0 0 0 0 0
1 0 0 231 9 0 0 1 1 1 0 1 0 1 0 0 0 0
0 0 0 5 57 15 3 0 1 0 0 0 0 0 0 0 0 0
18 0 0 1 11 93 61 9 0 0 0 0 1 1 3 0 0 0
26 0 0 2 4 43 342 14 16 17 6 0 1 0 0 0 0 0
40 0 0 0 5 12 19 439 28 33 10 3 3 0 0 0 0 0
47 0 0 1 6 4 8 24 432 89 41 21 1 4 1 3 1 0
65 0 0 1 0 1 5 17 66 1099 128 32 9 5 2 2 1 0
100 1 0 4 0 1 12 5 31 144 1178 132 64 25 10 4 1 0
122 0 0 0 0 0 1 6 18 49 143 1214 278 104 29 17 0 4
128 0 0 0 0 1 3 7 7 34 77 208 1817 409 122 25 12 4
117 0 0 0 0 0 0 0 1 14 40 64 339 2443 434 117 25 3
96 0 0 0 0 1 0 0 0 0 11 31 74 329 3108 464 61 19
48 0 0 0 0 1 0 0 0 4 7 20 31 79 440 3608 291 24
20 0 0 0 0 0 0 0 0 0 0 1 3 4 33 478 1557 70
7 0 0 0 0 0 0 0 0 0 0 0 0 0 0 2 112 269
0.7221271742229826 3243178

8 0 point
0.6865671641791045
2334 3 7 8 1 5 10 11 18 36 28 42 47 51 52 82 40 21
9 13 0 2 0 0 0 0 0 0 0 0 1 2 0 0 0 0
4 0 39 16 0 0 4 1 1 7 4 1 0 1 0 0 0 0
9 0 0 230 2 0 0 1 1 1 0 1 0 1 0 0 0 0
9 0 0 10 37 10 6 1 6 0 0 0 0 2 0 0 0 0
26 0 0 1 8 83 63 10 0 1 0 0 2 1 3 0 0 0
36 0 0 1 4 21 348 11 19 20 5 0 6 0 0 0 0 0
55 0 0 0 3 9 14 431 22 39 11 4 4 0 0 0 0 0
69 0 0 1 6 1 9 22 392 98 45 26 2 7 1 3 1 0
80 0 0 0 0 0 6 18 47 1079 140 37 11 7 3 4 1 0
113 0 0 4 0 1 12 4 23 138 1160 131 72 30 15 8 1 0
138 0 0 0 0 0 0 7 10 48 127 1182 296 119 40 16 0 2
119 0 0 0 0 1 3 7 2 31 58 176 1828 442 142 37 6 2
103 0 0 0 0 0 0 0 1 12 36 55 306 2460 469 131 24 0
76 0 0 0 0 0 0 0 0 0 6 34 69 313 3129 521 36 10
38 0 0 0 0 1 0 0 0 4 1 18 26 71 411 3774 204 5
20 0 0 0 0 0 0 0 0 0 0 0 3 4 36 509 1582 12
12 0 0 0 0 0 0 0 0 0 0 0 0 0 0 8 131 239
0.7249786142001711

9 3 point
2320 4 4 6 6 8 14 12 23 44 29 48 42 43 42 54 52 45
7 15 0 4 0 0 0 0 0 0 0 0 1 0 0 0 0 0
5 0 42 15 0 0 3 1 1 6 4 1 0 0 0 0 0 0
1 0 1 230 9 0 1 1 1 0 0 1 0 1 0 0 0 0
0 0 0 5 58 13 4 0 1 0 0 0 0 0 0 0 0 0
9 0 1 0 12 103 52 13 2 0 0 1 1 1 3 0 0 0
20 0 0 0 4 41 352 14 11 17 10 0 1 1 0 0 0 0
27 0 0 0 6 9 19 443 30 37 15 3 2 0 0 1 0 0
32 0 0 2 6 4 8 26 459 92 28 16 1 4 1 3 1 0
42 0 0 9 0 0 8 20 70 1096 118 48 9 5 2 4 2 0
67 0 0 8 0 1 13 4 41 138 1196 138 64 27 8 6 1 0
92 0 0 0 0 0 6 5 21 43 133 1257 280 102 32 8 2 4
94 0 0 0 0 1 6 7 4 29 60 213 1892 388 124 24 9 3
100 0 0 3 0 0 1 0 2 13 34 68 321 2467 439 118 29 2
82 0 0 0 0 0 1 0 0 0 10 36 60 314 3118 487 61 25
48 0 0 0 0 1 0 0 0 5 5 20 22 65 406 3656 299 26
13 0 0 0 0 0 0 0 0 0 0 0 2 3 34 452 1611 51
4 0 0 0 0 0 0 0 0 0 0 0 0 0 0 4 108 274
0.7338537211291702 3130410

9 0 point
0.6831683168316832
2330 3 3 8 2 4 11 9 14 39 27 41 47 52 58 81 45 22
7 12 0 5 0 0 0 0 0 0 0 0 1 2 0 0 0 0
5 0 39 16 0 0 3 2 1 7 4 1 0 0 0 0 0 0
8 0 1 230 4 0 1 1 1 0 0 0 0 0 0 0 0 0
9 0 0 8 35 13 7 3 5 0 0 0 0 1 0 0 0 0
21 0 0 1 7 92 53 14 1 0 0 1 3 1 4 0 0 0
30 0 0 1 4 17 362 11 15 20 9 0 2 0 0 0 0 0
43 0 0 1 2 4 13 433 24 45 18 4 4 0 0 1 0 0
65 0 0 2 6 1 9 22 402 106 37 22 2 5 1 3 0 0
74 0 0 0 0 0 5 18 44 1058 152 53 12 8 2 5 2 0
87 0 0 4 0 1 12 2 27 117 1190 134 78 38 13 8 1 0
115 0 0 0 0 0 0 7 10 38 119 1225 302 115 45 6 1 2
98 0 0 0 0 1 3 7 1 25 48 176 1899 421 139 31 3 2
92 0 0 0 0 0 0 0 1 12 32 51 300 2458 490 142 19 0
56 0 0 0 0 0 0 0 0 0 3 34 48 297 3180 530 33 13
34 0 0 0 0 1 0 0 0 4 0 16 19 57 381 3834 199 8
13 0 0 0 0 0 0 0 0 0 0 0 2 4 36 502 1598 11
5 0 0 0 0 0 0 0 0 0 0 0 0 0 0 8 136 241
0.734887368120901 3315596

10 3 point
0.7029702970297029
2338 3 3 5 5 6 13 15 18 51 31 41 39 37 31 51 55 54
6 17 0 4 0 0 0 0 0 0 0 0 0 0 0 0 0 0
9 0 37 21 0 0 3 0 2 0 4 1 1 0 0 0 0 0
4 0 2 222 5 0 5 1 1 0 1 4 0 1 0 0 0 0
0 0 0 7 56 14 3 0 1 0 0 0 0 0 0 0 0 0
7 0 1 0 14 102 52 12 2 1 0 1 2 1 3 0 0 0
14 0 0 0 5 37 374 10 15 8 7 0 1 0 0 0 0 0
17 0 0 1 6 8 24 451 34 36 9 3 3 0 0 0 0 0
20 0 0 2 6 4 9 26 467 92 34 16 0 3 1 3 0 0
30 0 0 5 0 0 9 20 73 1108 114 51 11 4 3 3 2 0
40 0 0 8 0 1 13 4 43 138 1217 141 71 24 8 3 1 0
66 0 0 0 0 0 14 4 27 32 136 1278 272 108 29 13 4 2
83 0 0 0 0 1 7 7 8 25 64 211 1899 397 120 19 9 4
100 0 0 3 0 0 0 0 1 15 33 75 338 2501 406 98 26 1
78 0 0 0 0 0 3 0 0 0 11 40 57 330 3091 496 64 24
43 0 0 0 0 1 0 0 0 7 3 24 22 55 385 3653 332 28
15 0 0 0 0 0 0 0 0 0 0 2 2 3 33 382 1673 56
3 0 0 0 0 0 0 0 0 0 0 0 0 0 0 2 106 279
0.7400556030795552 3605643

10 0 point
0.7128712871287128
2345 1 0 9 1 5 11 11 10 38 34 39 42 49 48 87 43 23
8 12 0 4 0 0 0 0 0 0 0 1 0 2 0 0 0 0
10 0 33 20 0 0 3 0 2 4 4 1 1 0 0 0 0 0
5 0 1 219 4 0 10 1 1 4 0 1 0 0 0 0 0 0
8 0 0 9 37 13 8 1 5 0 0 0 0 0 0 0 0 0
24 0 0 1 3 92 55 13 1 1 0 1 4 2 1 0 0 0
29 0 0 2 4 9 373 14 16 14 7 0 2 1 0 0 0 0
48 0 0 2 2 4 14 430 24 47 14 3 4 0 0 0 0 0
50 0 0 1 6 1 8 21 413 107 35 27 5 6 1 2 0 0
69 0 0 0 0 0 5 17 40 1073 131 59 24 6 5 3 1 0
81 0 0 1 0 1 11 2 23 111 1216 123 89 36 12 5 1 0
103 0 0 0 0 0 0 6 14 27 117 1218 312 128 41 16 3 0
87 0 0 0 0 1 3 7 1 22 50 158 1905 437 146 32 4 1
67 0 0 0 0 0 0 0 1 12 31 45 292 2544 472 121 12 0
43 0 0 0 0 0 0 0 0 0 4 28 43 298 3198 532 37 11
22 0 0 0 0 1 0 0 0 3 0 15 20 53 369 3885 177 8
11 0 0 0 0 0 0 0 0 0 0 1 2 3 31 474 1631 13
5 0 0 0 0 0 0 0 0 0 0 0 0 0 0 6 140 239
0.7436199030510408

10 0 0
0.5841584158415841
2364 0 0 4 0 0 0 1 3 9 21 24 43 71 102 132 22 0
8 12 0 0 0 0 0 1 0 0 1 0 2 3 0 0 0 0
19 0 32 6 0 0 1 0 1 3 5 7 3 1 0 0 0 0
23 0 5 83 0 9 60 1 1 5 4 13 13 23 6 0 0 0
26 0 0 5 25 12 7 0 1 0 0 0 1 4 0 0 0 0
46 0 0 0 0 61 47 11 0 3 1 1 9 11 8 0 0 0
88 0 0 0 3 5 277 11 11 24 2 6 13 14 13 4 0 0
123 0 1 0 2 2 13 226 11 89 41 19 34 21 5 5 0 0
166 0 0 0 3 0 3 9 195 101 66 42 30 37 20 11 0 0
153 0 0 0 0 0 2 8 18 840 151 112 57 50 23 19 0 0
180 0 0 0 0 0 11 1 11 83 814 169 191 173 51 28 0 0
140 0 0 0 0 0 1 3 2 44 57 902 385 262 135 52 2 0
93 0 0 0 0 0 1 1 1 14 27 83 1598 687 293 56 0 0
55 0 0 0 0 0 0 0 0 7 12 27 168 2489 688 148 3 0
26 0 0 0 0 0 0 0 0 0 1 22 21 258 3241 613 12 0
18 0 0 0 0 0 0 0 0 4 0 1 17 43 507 3880 83 0
36 0 0 0 0 0 0 0 0 0 0 1 2 7 64 1028 1028 0
55 0 0 0 0 0 0 0 0 0 0 0 1 2 33 70 210 19
0.6446392928428857