1 0 point
0.3180628272251309

1 0 0
0.3069306930693069
834 83 71 52 46 46 36 52 35
144 97 71 73 37 45 27 24 11
95 61 112 68 49 48 38 26 8
87 96 60 94 72 73 61 54 21
61 51 52 81 86 75 43 58 20
66 55 55 86 79 210 105 149 41
72 33 45 73 62 123 163 137 76
95 33 33 55 56 130 144 382 141
64 16 14 25 33 75 109 186 221
0.31980802792321117

2 0 0
0.297029702970297
843 87 69 44 36 45 40 55 36
131 89 66 78 38 51 34 28 14
73 50 112 75 49 58 42 30 16
61 83 63 98 71 87 62 64 29
53 39 57 71 93 82 40 65 27
63 59 38 70 80 195 112 164 65
63 25 34 64 47 118 158 176 99
85 23 27 50 41 114 130 417 182
53 13 9 17 29 62 96 207 257
0.32897033158813266

3 0 0
0.32673267326732675
841 79 66 48 38 49 39 57 38
132 86 65 68 42 57 32 31 16
78 51 103 75 47 64 44 31 12
69 74 66 90 62 85 75 69 28
48 40 52 65 90 91 48 69 24
62 51 34 72 76 196 115 176 64
68 20 33 61 51 111 156 179 105
75 21 25 53 44 111 124 430 186
59 10 9 15 20 65 92 217 256
0.32693426410703896

4 1.75 point
0.3009016870273415

4 3 point
0.302065154159395

4 0.5 point
812 95 70 62 41 44 40 48 43
123 89 69 69 46 54 32 30 17
71 58 101 73 53 52 49 30 18
52 81 67 102 74 84 64 65 29
40 41 54 69 92 93 50 62 26
54 52 45 68 91 185 117 142 92
56 24 32 49 68 103 172 162 118
74 25 27 51 55 111 138 371 217
51 12 11 19 31 60 95 204 260
0.31762652705061084

4 0 point
0.3465346534653465
839 84 63 60 38 48 37 51 35
138 82 64 73 38 55 31 33 15
86 51 95 77 44 53 48 33 18
59 86 59 101 67 90 62 70 24
49 39 49 74 75 99 49 61 32
62 53 38 67 80 188 118 156 84
66 21 29 50 58 110 164 176 110
79 25 22 54 46 122 137 390 194
58 11 9 16 27 69 92 224 237
0.31573589296102383 12259067 307433704 491893.9264

4 6 0
0.26119837114601513

4 1.75 0
0.3009016870273415

4 -1 0
0.3286794648051193

4 -0.75 0
0.32809773123909247

4 -0.25 0
0.3286794648051193

4 -0.5 0
876 63 44 51 26 52 36 69 38
151 67 58 73 31 69 28 36 16
95 39 87 73 31 82 43 43 12
80 54 57 86 45 104 72 91 29
58 31 38 56 70 102 56 92 24
77 38 23 58 55 207 117 211 60
74 20 25 40 27 120 158 217 103
92 17 18 45 25 111 113 471 177
62 7 9 12 12 62 90 240 249
0.33027923211169286

4 0 0
0.37623762376237624
836 86 59 47 36 53 37 66 35
133 74 68 79 35 62 30 31 17
78 52 104 74 38 71 44 32 12
61 68 74 92 55 92 73 73 30
45 39 51 61 79 98 54 72 28
66 45 35 69 65 198 111 194 63
66 24 27 53 46 112 154 193 109
74 21 25 47 38 109 122 441 192
54 10 9 13 17 62 93 215 270
0.32693426410703896

5 0 point
0.31239092495637

5 -0.5 0
0.32431646305991857

5 0 0
0.37623762376237624
840 84 55 49 35 55 35 67 35
139 75 68 71 39 55 31 35 16
81 58 94 76 36 68 44 35 13
65 74 69 90 55 94 68 71 32
44 41 50 57 81 101 56 70 27
69 38 29 71 74 190 113 198 64
68 23 28 55 41 106 152 200 111
79 20 21 48 37 115 123 443 183
59 9 8 17 18 62 88 221 261
0.3237347294938918

6 0 point
0.3164630599185573

6 -0.5 0
0.32809773123909247

6 0 0
0.39603960396039606
845 82 56 53 35 54 35 62 33
134 79 66 73 39 61 25 38 14
86 51 94 74 37 66 46 39 12
69 73 56 102 52 93 70 74 29
43 41 51 60 80 104 53 70 25
63 46 30 69 69 199 110 195 65
69 20 25 50 45 113 148 199 115
83 19 20 50 30 107 123 456 181
58 9 8 15 15 62 87 225 264
0.3296974985456661

7 0 point
0.31

7 -0.5 0
888 62 43 52 25 51 31 72 31
154 72 58 68 30 63 32 38 14
108 36 80 71 32 72 51 41 14
81 62 50 93 43 97 67 98 27
58 34 44 56 57 113 55 88 22
73 39 22 61 51 213 107 222 58
79 18 18 45 35 121 142 226 100
88 16 17 46 22 112 112 491 165
63 8 7 14 15 61 77 247 251
0.33260616637579987

7 0 0
0.37623762376237624
858 79 53 51 30 49 36 66 33
132 77 68 72 36 60 32 38 14
87 48 92 74 42 65 49 36 12
68 75 58 97 53 90 68 81 28
45 41 53 60 79 103 49 73 24
63 44 29 69 61 209 108 198 65
68 20 24 49 46 119 152 190 116
81 21 23 49 31 106 124 450 184
56 7 9 16 15 64 87 222 267
0.33173356602675974

8 1.75 point
0.3171902268760908

8 0 0
0.36633663366336633
858 77 54 52 31 50 36 65 32
142 86 66 65 34 57 30 37 12
87 51 99 73 39 64 43 38 11
67 71 65 97 55 92 70 72 29
45 37 51 64 78 106 48 73 25
64 42 27 67 65 212 107 191 71
69 20 23 49 47 122 142 197 115
77 21 23 44 33 105 124 456 186
59 11 7 14 16 63 87 217 269
0.33406050029086676

9 0 point
760 122 79 67 57 40 40 41 49
108 94 78 71 54 52 30 25 17
66 62 106 73 62 44 44 27 21
44 83 76 104 82 77 61 60 31
34 46 57 69 108 83 51 53 26
47 59 47 67 119 169 114 131 93
50 28 42 50 80 98 167 150 119
68 36 28 52 74 111 136 335 229
47 16 12 20 34 58 94 188 274
0.32111692844677137

9 0 0
0.3564356435643564
859 77 53 51 31 53 36 64 31
138 84 66 69 35 57 30 39 11
90 46 94 76 37 68 42 42 10
65 68 61 100 56 92 71 78 27
51 40 56 60 76 95 51 78 20
61 41 27 68 64 209 111 192 73
69 18 27 45 49 115 147 201 113
77 19 23 46 33 105 127 452 187
56 10 8 15 16 59 88 221 270
0.3331878999418266

10 0 0
859 75 50 52 33 52 36 66 32
140 86 62 66 37 57 30 38 13
94 50 86 73 37 66 44 44 11
66 68 59 98 52 99 72 76 28
49 39 54 56 74 102 53 80 20
60 45 28 64 66 204 110 196 73
65 20 25 48 48 110 145 206 117
80 18 21 47 29 100 132 451 191
56 11 9 15 15 59 89 218 271
0.3307155322862129

10 0 point
0.31878999418266435

15 0 -0.5
915 61 39 44 21 51 31 70 23
171 70 53 61 32 60 29 42 11
108 40 77 72 31 73 46 45 13
86 54 53 97 43 99 66 99 21
65 37 45 51 58 108 55 91 17
81 35 25 53 54 209 103 227 59
79 14 22 34 32 117 148 244 94
96 14 15 41 20 99 112 502 170
73 7 7 12 12 55 79 257 241
0.3369691681210006

HCBC
4 0 -0.5
0.30021005008886736 0.3006726049809126 0.30369754881595346 0.30683470673776053 0.30744618964514253 0.30570701563067976 0.30441105186621426 0.3081395348837209 0.30959302325581395
0.2973016642430118 0.30085439011088894 0.30639800581636895 0.30756180319922444 0.30599185573007565 0.3053435114503817 0.30441105186621426 0.2914244186046512 0.3241279069767442
0.300856358054613 0.3032175968005817 0.3053593685085168 0.3097430925836161 0.31093659104130306 0.30897855325336243 0.30053320407174017 0.29869186046511625 0.3023255813953488
0.30441105186621426 0.30667151427013273 0.3084752804320731 0.30780416868637905 0.306282722513089 0.31297709923664124 0.30441105186621426 0.3074127906976744 0.31976744186046513
0.3074810147035062 0.30539901836029815 0.3070211882010802 0.3061076102762967 0.3138452588714369 0.31297709923664124 0.3141056713523994 0.30377906976744184 0.32703488372093026
mean: 0.3020520277912425 0.3033630249045628 0.3061902783547985 0.3076102762966554 0.3089005235602095 0.30919665576154126 0.3055744062045565 0.30188953488372094 0.3165697674418605

8 0 -0.5
0.30618839877201487 0.3064897291401563 0.3099293726630661 0.3114396509936985 0.31239092495637 0.3115230825154489 0.3097430925836161 0.31613372093023256 0.32703488372093026
0.30214897398610435 0.3055808034902745 0.31159119235562943 0.3121667474551624 0.3126817917393834 0.31406761177753545 0.31119728550654385 0.3059593023255814 0.3328488372093023
0.30263370496041364 0.30630794401017997 0.30660573327793933 0.3090159961221522 0.30860965677719604 0.3031624863685932 0.2932622394571013 0.2928779069767442 0.29651162790697677
0.3084504766521247 0.30939829121977824 0.3099293726630661 0.3095007270964615 0.3112274578243165 0.32061068702290074 0.318952981095492 0.32558139534883723 0.3372093023255814
0.3045726288576507 0.3021268860207235 0.3030743664312422 0.3022297624818226 0.30860965677719604 0.3049800072700836 0.30828889966068834 0.3074127906976744 0.32558139534883723
mean: 0.30479883664566165 0.3059807307762225 0.3082260074781886 0.30887057682985947 0.3107038976148924 0.31086877499091237 0.3082888996606883 0.30959302325581395 0.32383720930232557

FCBC
loocv point
0.2779232111692845
712 90 64 76 49 77 59 81 47
103 60 65 72 59 64 45 44 17
71 42 82 74 55 71 47 49 14
67 54 71 82 61 102 65 82 34
45 35 42 67 68 107 56 77 30
50 51 37 67 67 178 134 182 80
57 27 29 54 41 143 129 204 100
67 17 25 65 48 131 144 361 211
43 9 11 20 26 78 97 220 239

loocv non-point
0.3612565445026178
748 100 60 74 47 63 53 56 54
96 105 55 78 51 55 36 29 24
72 45 111 73 47 62 49 36 10
55 61 71 140 68 78 55 56 34
40 39 47 64 120 75 53 58 31
47 47 41 78 69 232 118 119 95
51 21 33 47 59 106 202 156 109
48 29 28 54 36 103 132 490 149
38 16 13 16 27 64 89 144 336