nursery:
4 1.75 0
32 0 0 0 0
0 0 0 0 0
0 0 4 0 0
0 0 4 24 6
0 0 0 9 21

4320 0 0 0 0
0 0 2 0 0
0 0 326 2 0
0 0 196 3318 752
0 0 0 871 3173
0.8593364197530864  1888s

4 1.75 point
32 0 0 0 0
0 0 0 0 0
0 0 4 0 0
0 0 0 31 3
0 0 0 3 27

4320 0 0 0 0
0 0 2 0 0
0 0 274 54 0
0 0 0 3875 391
0 0 0 260 3784
0.945447530864197 1630302

4 0 point
32 0 0 0 0
0 0 0 0 0
0 0 1 3 0
0 0 0 31 3
0 0 0 3 27

1905 0 0 0 0
0 0 1 0 0
0 0 41 100 0
0 0 0 1633 149
0 0 0 116 1655
0.9340466584809682

4 3 point
32 0 0 0 0
0 0 0 0 0
0 0 4 0 0
0 0 0 31 3
0 0 0 3 27

2730 0 0 0 0
0 0 1 0 0
0 0 172 35 0
0 0 0 2386 241
0 0 0 170 2365
0.9446981854092087

4 6 point
32 0 0 0 0
0 0 0 0 0
0 0 4 0 0
0 0 0 31 3
0 0 0 3 27

4320 0 0 0 0
0 0 2 0 0
0 0 274 54 0
0 0 0 3875 391
0 0 0 260 3784
0.9454475308641975 1795494 54825650 87721.04

6 3 point
32 0 0 0 0
0 0 0 0 0
0 0 4 0 0
0 0 0 32 2
0 0 0 2 28

4320 0 0 0 0
0 0 2 0 0
0 0 310 18 0
0 0 0 4078 188
0 0 0 93 3951
0.9767746913580246 642274

6 0 point
32 0 0 0 0
0 0 0 0 0
0 0 2 2 0
0 0 0 32 2
0 0 0 2 28

4320 0 0 0 0
0 0 2 0 0
0 0 158 170 0
0 0 0 4078 188
0 0 0 93 3951
0.9650462962962963 1627668

6 6 point
32 0 0 0 0
0 0 0 0 0
0 0 4 0 0
0 0 0 32 2
0 0 0 2 28

4320 0 0 0 0
0 0 2 0 0
0 0 310 18 0
0 0 0 4078 188
0 0 0 93 3951
0.9767746913580246 1595237

6 3 0
32 0 0 0 0
0 0 0 0 0
0 0 4 0 0
0 0 1 29 4
0 0 0 2 28

3883 0 0 0 0
0 0 2 0 0
0 0 273 24 0
0 0 9 3361 483
0 0 0 168 3497
0.941287069481241

3 3 point
32 0 0 0 0
0 0 0 0 0
0 0 1 3 0
0 0 0 32 2
0 0 0 3 27

4320 0 0 0 0
0 0 2 0 0
0 2 116 210 0
0 0 0 3856 410
0 0 0 263 3781
0.9315586419753087 1626498

2 3 point
32 0 0 0 0
0 0 0 0 0
0 0 3 1 0
0 0 0 33 1
0 0 0 5 25

4320 0 0 0 0
0 0 2 0 0
0 2 170 156 0
0 1 114 3929 222
0 0 0 346 3698
0.9349537037037037 1618928


1 3 point
32 0 0 0 0
0 0 0 0 0
0 0 2 2 0
0 0 0 33 1
0 0 0 5 25

4320 0 0 0 0
0 0 2 0 0
0 0 50 278 0
0 1 114 3927 224
0 0 0 346 3698
0.9255401234567902 1637659

5 3 point
32 0 0 0 0
0 0 0 0 0
0 0 2 2 0
0 0 0 29 5
0 0 0 1 29

4320 0 0 0 0
0 0 2 0 0
0 0 218 110 0
0 0 0 4013 253
0 0 0 61 3983
0.9671296296296297 1868871

7 3 point
32 0 0 0 0
0 0 0 0 0
0 0 3 1 0
0 0 0 32 2
0 0 0 2 28

4320 0 0 0 0
0 0 2 0 0
0 0 281 47 0
0 0 0 4138 128
0 0 0 109 3935
0.9779320987654321 1654760

8 1 point
4320 0 0 0 0
0 0 2 0 0
0 0 310 18 0
0 0 0 4074 192
0.9809413580246914

8 3 point
32 0 0 0 0
0 0 0 0 0
0 0 4 0 0
0 0 1 29 4
0 0 0 0 30

4320 0 0 0 0
0 0 2 0 0
0 0 310 18 0
0 0 8 4066 192
0 0 0 35 4009
0.9803240740740741 1638687

9 3 point
32 0 0 0 0
0 0 0 0 0
0 0 4 0 0
0 0 0 30 4
0 0 0 1 29

4320 0 0 0 0
0 0 2 0 0
0 0 290 38 0
0 0 2 4070 194
0 0 0 29 4015
0.9795524691358025 1613226

10 3 point
32 0 0 0 0
0 0 0 0 0
0 0 4 0 0
0 0 0 30 4
0 0 0 0 30

4320 0 0 0 0
0 0 2 0 0
0 0 328 0 0
0 0 0 3982 284
0 0 0 52 3992
0.9739197530864198 1608320

FCBC
loocv point
0.3652006172839506

loocv non-point
0.5554783950617284
wrong
0 1 174 2123 2022
1 0 1 0 0
27 3 94 204 0
661 3 389 1438 1775
867 0 0 1827 1350