1 0 point
0.5346534653465347
829 393 4 1 2 1 0 0 0 0
536 478 50 15 0 0 1 0 0 0
41 79 6 1 0 0 0 0 0 0
10 29 3 3 0 0 0 0 0 0
7 1 0 0 1 0 0 0 0 0
6 0 0 0 0 1 0 0 0 0
2 1 0 0 0 0 0 0 0 0
0 0 0 0 0 0 0 0 0 0
0 0 0 0 0 0 0 0 0 0
1 0 0 0 0 0 0 0 0 0
0.5269892043182727

2 0 point
814 413 4 1 2 1 0 0 0 0
531 489 47 16 0 0 0 0 0 0
40 80 7 0 0 0 0 0 0 0
9 32 2 3 0 0 0 0 0 0
7 2 0 0 0 0 0 0 0 0
6 0 0 0 0 1 0 0 0 0
2 1 0 0 0 0 0 0 0 0
0 0 0 0 0 0 0 0 0 0
0 0 0 0 0 0 0 0 0 0
1 0 0 0 0 0 0 0 0 0
******************************
mean: 0.052538984406237506

3 0 point
855 377 2 0 1 0 0 0 0 0
544 501 27 10 1 0 0 0 0 0
44 77 6 0 0 0 0 0 0 0
7 35 2 2 0 0 0 0 0 0
7 1 0 0 1 0 0 0 0 0
6 0 0 0 0 1 0 0 0 0
0 3 0 0 0 0 0 0 0 0
0 0 0 0 0 0 0 0 0 0
0 0 0 0 0 0 0 0 0 0
1 0 0 0 0 0 0 0 0 0
******************************
mean: 0.05461815273890444

4 1.75 0
0.4958016793282687

4 0 0
851 373 4 0 1 1 0 0 0 0
545 502 26 6 1 0 0 0 0 0
45 80 2 0 0 0 0 0 0 0
12 30 1 1 1 0 0 0 0 0
8 1 0 0 0 0 0 0 0 0
6 1 0 0 0 0 0 0 0 0
1 2 0 0 0 0 0 0 0 0
0 0 0 0 0 0 0 0 0 0
0 0 0 0 0 0 0 0 0 0
1 0 0 0 0 0 0 0 0 0
0.54218312674930026

4 0 point
865 364 1 0 0 0 0 0 0 0
557 500 17 6 0 0 0 0 0 0
44 79 4 0 0 0 0 0 0 0
9 33 1 2 0 0 0 0 0 0
7 1 0 0 1 0 0 0 0 0
7 0 0 0 0 0 0 0 0 0
0 3 0 0 0 0 0 0 0 0
0 0 0 0 0 0 0 0 0 0
0 0 0 0 0 0 0 0 0 0
1 0 0 0 0 0 0 0 0 0
0.5485805677728908 112481756 15883144

4 1.75 point
848 371 6 2 1 1 0 0 0 1
546 500 26 8 0 0 0 0 0 0
43 79 5 0 0 0 0 0 0 0
9 32 1 3 0 0 0 0 0 0
7 1 0 0 1 0 0 0 0 0
7 0 0 0 0 0 0 0 0 0
0 3 0 0 0 0 0 0 0 0
0 0 0 0 0 0 0 0 0 0
0 0 0 0 0 0 0 0 0 0
1 0 0 0 0 0 0 0 0 0
0.5425829668132747

5 0 0
857 369 3 1 0 0 0 0 0 0
558 490 26 5 1 0 0 0 0 0
43 82 2 0 0 0 0 0 0 0
12 31 0 1 1 0 0 0 0 0
8 1 0 0 0 0 0 0 0 0
7 0 0 0 0 0 0 0 0 0
2 1 0 0 0 0 0 0 0 0
0 0 0 0 0 0 0 0 0 0
0 0 0 0 0 0 0 0 0 0
1 0 0 0 0 0 0 0 0 0
0.53978408636545384

5 0 point
895 335 0 0 0 0 0 0 0 0
582 481 14 3 0 0 0 0 0 0
41 83 3 0 0 0 0 0 0 0
8 34 1 2 0 0 0 0 0 0
7 2 0 0 0 0 0 0 0 0
7 0 0 0 0 0 0 0 0 0
0 3 0 0 0 0 0 0 0 0
0 0 0 0 0 0 0 0 0 0
0 0 0 0 0 0 0 0 0 0
1 0 0 0 0 0 0 0 0 0
mean: 0.5521791283486605

6 0 point
892 338 0 0 0 0 0 0 0 0
585 482 10 3 0 0 0 0 0 0
35 90 2 0 0 0 0 0 0 0
8 36 0 1 0 0 0 0 0 0
7 2 0 0 0 0 0 0 0 0
7 0 0 0 0 0 0 0 0 0
0 3 0 0 0 0 0 0 0 0
0 0 0 0 0 0 0 0 0 0
0 0 0 0 0 0 0 0 0 0
1 0 0 0 0 0 0 0 0 0
0.55057976809276286

7 0 point
893 336 1 0 0 0 0 0 0 0
605 464 9 2 0 0 0 0 0 0
40 84 3 0 0 0 0 0 0 0
9 35 0 1 0 0 0 0 0 0
6 3 0 0 0 0 0 0 0 0
7 0 0 0 0 0 0 0 0 0
0 3 0 0 0 0 0 0 0 0
0 0 0 0 0 0 0 0 0 0
0 0 0 0 0 0 0 0 0 0
1 0 0 0 0 0 0 0 0 0
******************************
mean: 0.5441823270691723

8 0 point
918 311 1 0 0 0 0 0 0 0
594 474 11 1 0 0 0 0 0 0
39 86 2 0 0 0 0 0 0 0
9 35 0 1 0 0 0 0 0 0
6 3 0 0 0 0 0 0 0 0
7 0 0 0 0 0 0 0 0 0
0 3 0 0 0 0 0 0 0 0
0 0 0 0 0 0 0 0 0 0
0 0 0 0 0 0 0 0 0 0
1 0 0 0 0 0 0 0 0 0
******************************
mean: 0.055777688924430226

9 0 point
926 303 1 0 0 0 0 0 0 0
603 468 8 1 0 0 0 0 0 0
40 87 0 0 0 0 0 0 0 0
9 34 0 2 0 0 0 0 0 0
6 3 0 0 0 0 0 0 0 0
7 0 0 0 0 0 0 0 0 0
0 3 0 0 0 0 0 0 0 0
0 0 0 0 0 0 0 0 0 0
0 0 0 0 0 0 0 0 0 0
1 0 0 0 0 0 0 0 0 0
******************************
mean: 0.05581767293082767

10 0 point
922 312 1 0 0 0 0 0 0 0
594 480 8 1 0 0 0 0 0 0
38 89 0 0 0 0 0 0 0 0
11 33 0 2 0 0 0 0 0 0
7 2 0 0 0 0 0 0 0 0
7 0 0 0 0 0 0 0 0 0
0 3 0 0 0 0 0 0 0 0
0 0 0 0 0 0 0 0 0 0
0 0 0 0 0 0 0 0 0 0
1 0 0 0 0 0 0 0 0 0
******************************
mean: 0.056137544982007195